 
    LOCAL CONST robtarget HOMEpos:=[[482.197102023,144.011712884,100.630619004],[0.301166117,0.836912866,-0.428349013,0.159351651],[-1,-3,-2,4],[158.858618137,9E+09,9E+09,9E+09,9E+09,9E+09]];
   
    LOCAL CONST robtarget s1:=[[282.1975001,35.092563013,165.269291101],[0.255730755,0.714025669,-0.611615578,0.225156636],[-1,-3,-2,4],[158.858615741,9E+09,9E+09,9E+09,9E+09,9E+09]];
    LOCAL CONST robtarget s2:=[[345.636867071,117.661303015,82.24910993],[0.096067169,0.752330932,-0.645740984,0.088248796],[-1,-2,-2,4],[158.85861343,9E+09,9E+09,9E+09,9E+09,9E+09]];
    LOCAL CONST robtarget s3:=[[413.658597024,-95.575640659,168.9569702],[0.099956614,0.780741154,-0.61108647,0.083816774],[-1,-3,-2,4],[155.134281457,9E+09,9E+09,9E+09,9E+09,9E+09]];
    LOCAL CONST robtarget s4:=[[513.37087898,-129.431296705,85.285254156],[0.099956716,0.780741222,-0.611086464,0.083816065],[-1,-3,-2,4],[155.13428178,9E+09,9E+09,9E+09,9E+09,9E+09]];
    LOCAL CONST robtarget s5:=[[212.871061955,-150.616545082,180.036028903],[0.085268652,0.672983095,-0.728064139,0.098719905],[-1,-3,-2,4],[155.134279777,9E+09,9E+09,9E+09,9E+09,9E+09]];
    LOCAL CONST robtarget s6:=[[295.881728898,-64.936748694,65.856721986],[0.085268685,0.672983119,-0.728064193,0.098719317],[-1,-2,-2,4],[175.398367187,9E+09,9E+09,9E+09,9E+09,9E+09]];
    LOCAL CONST robtarget s7:=[[376.260759153,-0.10158758,87.58293892],[0.085268871,0.672983125,-0.728064242,0.098718756],[-1,-3,-2,4],[175.398372137,9E+09,9E+09,9E+09,9E+09,9E+09]];
    LOCAL CONST robtarget s8:=[[485.981051386,63.905939855,64.747777214],[0.085268308,0.672982763,-0.728064699,0.098718339],[-1,-3,-2,4],[175.398372458,9E+09,9E+09,9E+09,9E+09,9E+09]];
    LOCAL CONST robtarget s9:=[[485.981086571,18.620183078,139.555683436],[0.08526845,0.672982687,-0.728064798,0.098718009],[-1,-3,-2,4],[175.398368181,9E+09,9E+09,9E+09,9E+09,9E+09]];
    LOCAL CONST robtarget s10:=[[485.981652278,-54.804962119,170.951440294],[0.005539815,0.678340248,-0.734622095,0.012417561],[-1,-3,-2,4],[175.398375461,9E+09,9E+09,9E+09,9E+09,9E+09]];
    LOCAL CONST robtarget s11:=[[496.421669926,78.310559831,170.951187175],[0.005540005,0.678340157,-0.734622184,0.012417189],[-1,-3,-2,4],[175.398368929,9E+09,9E+09,9E+09,9E+09,9E+09]];
    LOCAL CONST robtarget s12:=[[319.471752161,25.314084465,202.689512175],[0.0055403,0.678340038,-0.734622304,0.012416468],[-1,-3,-2,4],[175.398370839,9E+09,9E+09,9E+09,9E+09,9E+09]];
    LOCAL CONST robtarget s13:=[[293.171224368,-201.552827985,142.689303651],[0.005540473,0.678339933,-0.734622407,0.012416016],[-2,-3,-2,4],[175.398364908,9E+09,9E+09,9E+09,9E+09,9E+09]];
    LOCAL CONST robtarget s14:=[[420.532461228,-181.552422587,135.20355933],[0.005540499,0.678339897,-0.734622444,0.012415781],[-2,-3,-2,4],[175.398367814,9E+09,9E+09,9E+09,9E+09,9E+09]];
    LOCAL CONST robtarget s15:=[[373.977877381,-104.513829124,199.71808832],[0.00554042,0.678339273,-0.734623037,0.012414821],[-1,-3,-2,4],[175.398424972,9E+09,9E+09,9E+09,9E+09,9E+09]];
 

